=====================================================
问题 e：ijk 直接矩阵乘法性能测试
=====================================================

规模     | 时间(ms)   | GFLOPS    
---        | ---          | ---       
1024       | 863.84       | 2.4860    
1025       | 780.92       | 2.7580    
1030       | 816.85       | 2.6755    
1040       | 821.98       | 2.7370    
1050       | 848.42       | 2.7289    
1060       | 865.74       | 2.7514    
1070       | 890.80       | 2.7504    
1080       | 915.01       | 2.7534    
1090       | 949.54       | 2.7277    
1100       | 984.34       | 2.7044    
1120       | 1111.98      | 2.5269    
1140       | 1174.60      | 2.5226    
1160       | 1167.81      | 2.6732    
1180       | 1233.00      | 2.6651    
1200       | 1351.70      | 2.5568    
1250       | 1486.29      | 2.6282    
1300       | 1690.89      | 2.5986    
1350       | 1877.70      | 2.6206    
1400       | 2088.66      | 2.6275    
1450       | 2345.73      | 2.5993    
1500       | 2625.27      | 2.5712    

=====================================================
测试完成
=====================================================
