矩阵规模 ijk耗时(ms)    ijk GFLOPS       ijkijk耗时(ms) ijkijk GFLOPS    加速比 
1001         820.18           2.4458           565.41           3.5479           1.45      x
1002         704.45           2.8562           550.67           3.6538           1.28      x
1003         831.74           2.4263           556.54           3.6261           1.49      x
1004         659.86           3.0675           550.05           3.6798           1.20      x
1005         806.86           2.5161           562.40           3.6098           1.43      x
1006         721.83           2.8209           564.41           3.6077           1.28      x
1007         913.02           2.2369           587.20           3.4780           1.55      x
1008         841.02           2.4356           561.75           3.6465           1.50      x
1009         878.04           2.2399           569.87           3.6052           1.54      x
1010         803.23           2.5654           559.76           3.6812           1.43      x
1011         931.61           2.2184           587.08           3.5204           1.59      x
1012         692.18           2.9947           567.48           3.6528           1.22      x
1013         1198.69          1.7344           574.52           3.6187           2.09      x
1014         828.25           2.5176           570.72           3.6536           1.45      x
1015         1239.32          1.6875           578.52           3.6150           2.14      x
1016         768.07           2.7309           576.98           3.6354           1.33      x
1017         1313.08          1.6021           574.56           3.6615           2.29      x
1018         798.38           2.6428           598.60           3.5248           1.33      x
1019         1182.63          1.7894           584.36           3.6213           2.02      x
1020         868.05           2.4450           598.25           3.5477           1.45      x
1021         1151.42          1.8487           619.53           3.4359           1.86      x
1022         759.55           2.8108           605.53           3.5257           1.25      x
1023         918.18           2.3320           619.52           3.4562           1.48      x
1024         2964.59          0.7244           777.02           2.7637           3.82      x
1025         879.23           2.4496           620.68           3.4701           1.42      x
1026         820.90           2.6314           620.58           3.4807           1.32      x
1027         1209.66          1.7909           631.67           3.4297           1.92      x
1028         779.48           2.7874           614.17           3.5377           1.27      x
1029         967.35           2.2526           653.98           3.3320           1.48      x
1030         863.57           2.5307           624.66           3.4986           1.38      x
1031         1281.52          1.7103           622.87           3.5189           2.06      x
1032         726.87           3.0242           613.29           3.5843           1.19      x
1033         975.00           2.2611           612.91           3.5970           1.59      x
1034         788.69           2.8034           617.55           3.5803           1.28      x
1035         996.54           2.2251           610.89           3.6298           1.63      x
1036         751.51           2.9592           610.63           3.6419           1.23      x
1037         1019.24          2.1882           611.49           3.6473           1.67      x
1038         804.44           2.7805           618.29           3.6177           1.30      x
1039         1009.97          2.2211           615.04           3.6473           1.64      x
1040         924.13           2.4344           628.75           3.5781           1.47      x
1041         1014.85          2.2232           625.96           3.6044           1.62      x
1042         834.06           2.7129           634.00           3.5690           1.32      x
1043         1024.49          2.2150           632.62           3.5871           1.62      x
1044         749.85           3.0350           630.73           3.6082           1.19      x
1045         1015.76          2.2469           634.06           3.5996           1.60      x
1046         858.53           2.6661           649.45           3.5244           1.32      x
1047         983.91           2.3330           633.94           3.6210           1.55      x
1048         777.12           2.9623           627.23           3.6702           1.24      x
1049         1085.30          2.1272           624.96           3.6941           1.74      x
1050         1079.79          2.1442           640.23           3.6163           1.69      x
1060         831.28           2.8655           689.77           3.4533           1.21      x
1070         931.47           2.6304           679.29           3.6068           1.37      x
1080         808.90           3.1146           681.79           3.6953           1.19      x
1090         1102.53          2.3492           706.36           3.6668           1.56      x
1100         1011.83          2.6309           734.34           3.6250           1.38      x
1200         2115.68          1.6335           940.30           3.6754           2.25      x
1300         2259.72          1.9445           1219.82          3.6022           1.85      x
1400         2489.55          2.2044           1513.92          3.6250           1.64      x
1500         3767.10          1.7918           1880.69          3.5891           2.00      x
